TRANSISTORS IN PLASTIC BOX WITH HEAT SINK
STEADY STATE - EM=0.05, EM=0.8
1 2 1
15 4 2 0 47 0 1 3 0
30.0 0.0
1 20.0
2 20.0
13 20.0
14 20.0
11 40.0 1.0
12 40.0 3.0
0 0 
2 11 1 13 0 4.065 1
2 11 1 13 0 0.625 101
2 11 1 14 0 1.300 -1
2 11 1 14 0 0.500 -1
2 3 1 1 0 0.800 -1
4 5 1 1 0 0.800 -1
2 9 1 1 0 1.25 -1
2 3 0 2 13 1.000 102
2 4 0 2 13 1.000 103
4 5 1 2 0 1.000 101
2 9 1 2 0 1.56 101
4 15 0 9 1 1.56 101
4 15 0 5 1 1.00 101
2 3 0 5 2 3.00E-4 0
2 3 1 9 1 6.25E-4 0
2 3 1 11 1 1.66E-3 0
2 4 0 6 2 3.00E-4 0
2 5 2 6 2 3.00E-4 0
1 9 0 10 0 5.00E-4 0
1 11 0 12 0 0.200 0
2 9 0 5 2 6.25E-4 0
2 10 0 6 2 6.25E-4 0
2 11 0 5 2 1.66E-3 0
2 12 0 6 2 1.66E-3 0
10 3 1 3 1 0.00 -2
4 5 2 6 2 0.00 -2
1 3 0 4 0 0.044 -2
2 5 1 7 1 0.128 -2
2 9 1 11 1 0.554 -2
2 5 1 11 1 0.2522 -2
2 7 1 11 1 0.2522 -2
2 5 1 8 -1 .05230 -2
2 5 1 9 1 0.2522 -2
2 7 1 9 1 0.2522 -2
2 9 1 12 -1 0.1500 -2
2 5 2 10 0 0.0394 -2
2 5 2 12 0 0.0394 -2
2 6 2 9 0 0.0394 -2
2 6 2 11 0 0.0394 -2
2 3 1 9 1 0.2520 -2
2 3 1 11 1 0.2520 -2
2 3 1 5 1 0.153 -2
2 3 1 7 1 0.153 -2
2 3 0 6 2 0.0197 -2
2 4 0 5 2 0.0197 -2
2 3 0 10 2 0.0234 -2
2 4 0 9 2 0.0234 -2
0 2 
3 8 0.938 0.05
9 12 1.563 0.05
1 4 
25.0 0.0021 32.5 0.0033
45.0 0.0042 70.0 0.005
6 2.5
7 0.23
8 0.23
50 1.0 0.001 50
1.0 1.0
50 1
0 2 
3 8 0.938 0.8
9 12 1.563 0.8
1 4 
25.0 0.0021 32.5 0.0033
45.0 0.0042 70.0 0.005
6 2.5
7 0.23
8 0.23
100 1.0 0.001 100
1.0 1.0
100 1
